GeneNodes
1 0
2 0
3 0
4 0
5 0
6 0
7 0
8 0
9 0
10 0
11 0
12 0
13 0
14 2
15 2
16 2
17 1
18 1
19 1
20 1
21 1
22 1
23 1
24 1
25 1
26 1
27 1
28 1
29 1
30 1
31 1
32 1
33 1

Gene Connections
1 14 -0.477737 3 1
1 15 -0.448091 3 2
1 16 0.480734 4 3
2 14 0.332195 3 4
2 15 -0.456489 3 5
2 16 -0.625025 3 6
3 14 1.02156 3 7
3 15 0.104212 3 8
3 16 0.929539 3 9
4 14 -0.715301 3 10
4 15 -0.70352 3 11
4 16 0.562872 3 12
5 14 -0.998394 3 13
5 15 -0.973194 3 14
5 16 0.752232 3 15
6 14 -0.928393 3 16
6 15 -0.967464 3 17
6 16 0.993503 3 18
7 14 -0.204727 3 19
7 15 0.897373 3 20
7 16 0.0172242 4 21
8 14 0.564931 3 22
8 15 0.795671 3 23
8 16 -0.170591 4 24
9 14 0.424222 3 25
9 15 0.513939 3 26
9 16 -0.262755 3 27
10 14 -0.964926 4 28
10 15 -0.507301 3 29
10 16 0.944079 3 30
11 14 -0.925485 3 31
11 15 0.555855 3 32
11 16 -0.447686 3 33
12 14 0.443608 3 34
12 15 -0.649887 3 35
12 16 0.4307 3 36
13 14 -0.708897 3 37
13 15 -0.498177 3 38
13 16 -0.567861 3 39
12 17 -0.731 3 1308
1 21 0.578805 3 1451
4 17 0.240039 3 1860
6 18 0.0614154 3 2041
1 22 -0.909137 3 2302
10 22 0.504443 3 2419
13 28 -0.771281 3 2599
9 24 0.290945 3 2653
9 26 0.605078 3 2758
5 20 -0.151584 3 3081
2 29 0.530032 3 3427
