GeneNodes
1 0
2 0
3 0
4 0
5 0
6 0
7 0
8 0
9 0
10 0
11 0
12 0
13 0
14 2
15 2
16 2
17 1
18 1
19 1
20 1
21 1
22 1
23 1
24 1
25 1
26 1
27 1
28 1
29 1
30 1
31 1
32 1
33 1
34 1
35 1

Gene Connections
1 14 0.698617 4 1
1 15 -0.288385 3 2
1 16 -0.178015 3 3
2 14 -0.254748 4 4
2 15 -0.856013 3 5
2 16 0.999723 3 6
3 14 0.658736 3 7
3 15 -0.611056 3 8
3 16 0.104736 3 9
4 14 0.242065 3 10
4 15 0.306403 4 11
4 16 -0.204888 3 12
5 14 -0.424964 3 13
5 15 0.348065 4 14
5 16 -0.435972 3 15
6 14 0.585188 4 16
6 15 0.780725 3 17
6 16 -0.87146 3 18
7 14 0.596104 4 19
7 15 -0.0455312 3 20
7 16 -0.863713 3 21
8 14 -0.25584 3 22
8 15 0.484337 3 23
8 16 -0.98881 3 24
9 14 -0.065108 3 25
9 15 0.912472 4 26
9 16 0.771391 4 27
10 14 -0.888898 3 28
10 15 -0.411064 3 29
10 16 -0.236988 3 30
11 14 0.870873 4 31
11 15 -0.682791 3 32
11 16 -0.590874 3 33
12 14 -0.0851583 3 34
12 15 0.915528 3 35
12 16 -0.84397 3 36
13 14 -0.703702 3 37
13 15 -0.947091 3 38
13 16 -0.769082 3 39
5 17 -0.458193 3 204
2 17 -0.666066 4 277
9 18 1 4 301
18 14 0.113441 3 302
9 19 1.02 3 466
19 18 1.01 4 467
2 20 1 3 500
20 14 -0.244748 3 501
4 17 -0.678217 3 685
10 20 0.0192094 3 1022
3 26 0.941811 3 1991
12 24 0.487409 3 2217
4 30 0.5789 3 2297
1 19 -0.093684 3 2302
2 34 1 3 2503
34 14 -0.254748 3 2504
9 35 1 3 2600
35 14 -0.075108 3 2601
