GeneNodes
1 0
2 0
3 0
4 0
5 0
6 0
7 0
8 0
9 0
10 0
11 0
12 0
13 0
14 2
15 2
16 2
17 1
18 1
19 1
20 1
21 1
22 1
23 1
24 1
25 1
26 1
27 1
28 1
29 1
30 1
31 1
32 1
33 1
34 1
35 1
36 1
37 1
38 1
39 1
40 1
41 1
42 1
43 1
44 1
45 1
46 1
47 1
48 1
49 1
50 1
51 1
52 1
53 1
54 1
55 1
56 1
57 1
58 1
59 1
60 1
61 1
62 1
63 1
64 1
65 1
66 1
67 1
68 1
69 1
70 1
71 1
72 1
73 1
74 1
75 1
76 1
77 1
78 1
79 1
80 1
81 1
82 1
83 1
84 1
85 1
86 1
87 1
88 1
89 1
90 1
91 1
92 1
93 1
94 1
95 1
96 1
97 1
98 1
99 1
100 1
101 1
102 1
103 1
104 1
105 1
106 1
107 1
108 1
109 1
110 1
111 1
112 1
113 1
114 1
115 1
116 1
117 1
118 1
119 1
120 1
121 1
122 1
123 1
124 1
125 1
126 1
127 1
128 1
129 1
130 1
131 1
132 1
133 1
134 1
135 1
136 1
137 1
138 1
139 1
140 1
141 1
142 1
143 1
144 1
145 1
146 1

Gene Connections
1 14 0.350105 3 1
1 15 0.0797073 3 2
1 16 0.723259 3 3
2 14 0.831658 3 4
2 15 -0.272824 3 5
2 16 0.829042 3 6
3 14 -0.0297163 4 7
3 15 -0.286262 3 8
3 16 -0.0277408 4 9
4 14 0.191182 4 10
4 15 -0.272767 3 11
4 16 0.699 4 12
5 14 0.672355 4 13
5 15 0.9064 4 14
5 16 -0.280299 3 15
6 14 -0.5014 3 16
6 15 0.972795 3 17
6 16 0.193642 3 18
7 14 -0.726149 3 19
7 15 0.664406 3 20
7 16 -0.763974 3 21
8 14 0.659054 3 22
8 15 0.717465 3 23
8 16 -0.871432 3 24
9 14 0.000830188 4 25
9 15 -0.329502 4 26
9 16 -0.866679 3 27
10 14 -0.935322 4 28
10 15 -0.621618 4 29
10 16 0.31047 3 30
11 14 0.231157 3 31
11 15 -0.288483 4 32
11 16 -0.586969 3 33
12 14 -0.860849 4 34
12 15 0.585436 3 35
12 16 0.408047 3 36
13 14 0.753393 4 37
13 15 -0.13421 4 38
13 16 -0.825958 4 39
7 17 0.289509 3 970
3 17 0.338107 4 1068
9 18 0.889416 3 1120
1 22 0.880508 3 1159
5 32 1.05 3 1629
32 14 -0.184246 4 1630
11 23 0.506252 3 1777
1 33 0.837136 4 1854
33 14 -0.216146 3 1855
7 19 0.401972 4 2014
12 24 0.33379 4 2354
12 28 0.951577 3 2577
7 18 0.722598 3 3142
1 36 0.0909641 4 3334
1 43 1.02 3 3406
43 36 0.0809641 4 3407
12 45 1.08 3 3476
45 24 -0.209126 4 3477
9 36 0.270736 3 3554
13 46 0.902858 4 3596
46 14 0.666405 3 3597
7 43 -0.070424 3 3659
4 31 -0.432136 3 3774
9 22 -0.0902094 4 3792
9 49 1.01 3 3991
49 14 0.0508302 3 3992
4 51 1.05 3 4183
51 14 -0.672291 4 4184
6 25 -0.0342407 3 4261
9 27 -0.213098 4 4313
3 49 -0.0385882 4 4362
45 52 -0.406911 4 4381
52 24 0.970523 4 4382
5 35 -0.157208 3 4785
3 53 -0.917387 3 4825
9 17 0.550918 3 5044
8 21 -0.543873 3 5134
6 54 -0.492039 3 5176
51 62 1.02 3 5264
62 14 0.201182 3 5265
11 63 1.07 3 5546
63 23 0.141858 4 5547
63 64 1.01 3 5570
64 23 0.881098 3 5571
4 20 0.48991 4 5585
45 70 1.02 4 6142
70 24 0.990523 3 6143
10 46 -0.154004 3 6397
12 65 0.886989 3 6969
8 67 -0.869489 3 7183
12 42 -0.132125 3 7632
7 83 -0.478874 3 7635
83 43 -0.441925 3 7636
4 29 -0.434181 3 7768
9 54 1.0053 3 7840
7 71 -0.141303 3 7891
13 40 -0.256397 4 7909
45 86 1.01 4 7960
86 52 -0.426911 4 7961
3 34 -0.731065 4 7990
43 87 1 4 8035
87 36 0.879693 4 8036
43 90 1 4 8378
90 87 1 3 8379
1 91 -0.25618 4 8409
91 43 1.02 3 8410
3 50 0.122526 3 8445
1 92 1.01 3 8635
92 43 1.02 3 8636
10 85 -0.236522 3 8654
33 93 1.02 3 8715
93 14 -0.297879 3 8716
3 94 1.01 3 8784
94 14 -0.0297163 3 8785
13 34 -0.79064 3 9003
11 76 0.813287 3 9106
7 105 1.02 3 9856
105 14 -0.736149 3 9857
12 110 1.02 3 10251
110 24 0.980523 3 10252
7 110 -0.790813 4 10316
7 111 1.02 4 10331
111 43 -0.471925 3 10332
5 96 -0.714374 4 10433
5 112 1 3 10506
112 35 -0.147208 3 10507
13 113 1.01 3 10664
113 34 -0.0585894 3 10665
2 98 0.35212 3 10729
6 58 0.588756 3 10807
4 104 -0.275904 3 11042
4 119 1.01 3 11125
119 20 0.48991 3 11126
4 96 0.53114 3 11216
7 50 0.491256 3 11444
87 124 1 3 11594
124 36 0.899693 3 11595
8 120 0.609797 3 11850
11 122 0.360545 3 12097
63 129 1 3 12241
129 23 0.141858 3 12242
4 131 1 3 12389
131 20 0.47991 3 12390
1 134 1 3 12674
134 14 0.591405 3 12675
3 27 0.559453 3 12996
11 139 1 3 13369
139 76 0.803287 3 13370
12 146 1 3 13989
146 24 0.33379 3 13990
