GeneNodes
1 0
2 0
3 0
4 0
5 0
6 0
7 0
8 0
9 0
10 0
11 0
12 0
13 0
14 2
15 2
16 2
17 1
18 1
19 1
20 1
21 1
22 1
23 1
24 1
25 1
26 1
27 1
28 1
29 1
30 1
31 1
32 1
33 1
34 1
35 1
36 1
37 1

Gene Connections
1 14 -0.353749 3 1
1 15 -0.773814 3 2
1 16 0.494358 3 3
2 14 0.901926 4 4
2 15 -0.650078 3 5
2 16 0.828443 3 6
3 14 0.695034 3 7
3 15 -0.18523 3 8
3 16 0.777121 3 9
4 14 0.976261 3 10
4 15 -0.946614 3 11
4 16 0.809036 3 12
5 14 -0.725286 3 13
5 15 -0.939434 3 14
5 16 0.861006 3 15
6 14 0.891354 3 16
6 15 0.316866 3 17
6 16 0.269922 3 18
7 14 0.926681 3 19
7 15 -0.0848597 3 20
7 16 0.558348 3 21
8 14 0.694605 3 22
8 15 -0.531179 3 23
8 16 0.819947 3 24
9 14 0.395863 4 25
9 15 -0.746186 3 26
9 16 -0.581115 3 27
10 14 0.134274 3 28
10 15 0.513253 4 29
10 16 -0.414975 4 30
11 14 0.732945 3 31
11 15 0.561941 3 32
11 16 -0.667999 3 33
12 14 0.602845 4 34
12 15 -0.57133 3 35
12 16 0.854593 3 36
13 14 0.0219521 3 37
13 15 0.389213 3 38
13 16 0.300122 3 39
13 17 0.0451574 4 667
9 17 -0.757786 3 1668
11 22 -0.453596 3 1792
2 18 0.286796 4 3110
1 25 0.350258 3 3214
7 17 0.266126 4 3490
2 19 -0.762602 3 3492
8 31 0.186742 3 3683
13 28 0.61285 3 4598
2 35 0.800575 3 5274
